           1e-05   3.0995169e-224
   1.0123978e-05   2.7927785e-218
   1.0249492e-05   1.7976208e-212
   1.0376563e-05   8.3338129e-207
   1.0505209e-05   2.8051205e-201
    1.063545e-05   6.9089921e-196
   1.0767305e-05   1.2547115e-190
   1.0900796e-05   1.6926569e-185
   1.1035941e-05   1.7086025e-180
   1.1172762e-05   1.2996744e-175
   1.1311279e-05   7.5015136e-171
   1.1451513e-05     3.30758e-166
   1.1593486e-05   1.1214345e-161
   1.1737219e-05   2.9425572e-157
   1.1882734e-05   6.0128569e-153
   1.2030053e-05   9.6270447e-149
   1.2179199e-05   1.2149206e-144
   1.2330194e-05   1.2155395e-140
    1.248306e-05   9.6965807e-137
   1.2637822e-05   6.2015247e-133
   1.2794503e-05   3.1970697e-129
   1.2953126e-05   1.3355674e-125
   1.3113715e-05   4.5443327e-122
   1.3276296e-05   1.2657305e-118
   1.3440892e-05   2.9000287e-115
   1.3607529e-05   5.4919253e-112
   1.3776232e-05   8.6363269e-109
   1.3947026e-05   1.1328886e-105
   1.4119938e-05   1.2451525e-102
   1.4294993e-05    1.1516266e-99
   1.4472219e-05    9.0008892e-97
   1.4651642e-05    5.9693902e-94
   1.4833289e-05    3.3727795e-91
   1.5017188e-05    1.6298945e-88
   1.5203368e-05    6.7624381e-86
   1.5391855e-05    2.4178957e-83
    1.558268e-05    7.4772352e-81
    1.577587e-05    2.0070306e-78
   1.5971455e-05    4.6922278e-76
   1.6169465e-05    9.5869925e-74
    1.636993e-05    1.7174898e-71
    1.657288e-05    2.7065109e-69
   1.6778347e-05    3.7634887e-67
    1.698636e-05    4.6319603e-65
   1.7196953e-05    5.0609045e-63
   1.7410156e-05    4.9231687e-61
   1.7626003e-05       4.2761e-59
   1.7844526e-05    3.3253761e-57
   1.8065758e-05    2.3216531e-55
   1.8289733e-05    1.4590251e-53
   1.8516484e-05    8.2747396e-52
   1.8746047e-05    4.2458251e-50
   1.8978456e-05    1.9758295e-48
   1.9213746e-05    8.3589922e-47
   1.9451953e-05    3.2224608e-45
   1.9693113e-05    1.1345877e-43
   1.9937264e-05    3.6565257e-42
   2.0184441e-05    1.0809837e-40
   2.0434682e-05     2.937694e-39
   2.0688027e-05    7.3540302e-38
   2.0944511e-05    1.6992153e-36
   2.1204176e-05    3.6310064e-35
    2.146706e-05    7.1893864e-34
   2.1733204e-05    1.3214576e-32
   2.2002646e-05    2.2589248e-31
    2.227543e-05    3.5975661e-30
   2.2551595e-05    5.3472031e-29
   2.2831184e-05    7.4300129e-28
   2.3114239e-05    9.6674872e-27
   2.3400804e-05    1.1797703e-25
   2.3690921e-05    1.3524549e-24
   2.3984635e-05    1.4586615e-23
    2.428199e-05    1.4823181e-22
   2.4583032e-05    1.4214002e-21
   2.4887807e-05    1.2879435e-20
   2.5196359e-05     1.104295e-19
   2.5508737e-05    8.9715794e-19
   2.5824988e-05    6.9154668e-18
    2.614516e-05    5.0640988e-17
   2.6469301e-05     3.527415e-16
   2.6797461e-05    2.3400058e-15
   2.7129689e-05    1.4801394e-14
   2.7466036e-05    8.9375851e-14
   2.7806553e-05    5.1577926e-13
   2.8151292e-05    2.8478416e-12
   2.8500304e-05    1.5060743e-11
   2.8853644e-05    7.6368538e-11
   2.9211364e-05    3.7167871e-10
   2.9573519e-05    1.7379718e-09
   2.9940164e-05    7.8156596e-09
   3.0311355e-05    3.3833898e-08
   3.0687148e-05    1.4112611e-07
   3.1067599e-05     5.677108e-07
   3.1452767e-05    2.2044349e-06
   3.1842711e-05    8.2697837e-06
   3.2237489e-05    2.9997495e-05
   3.2637161e-05    0.00010529991
   3.3041788e-05    0.00035799149
   3.3451432e-05     0.0011796684
   3.3866155e-05     0.0037707034
   3.4286019e-05       0.01169996
   3.4711088e-05      0.035266505
   3.5141427e-05       0.10333925
   3.5577102e-05       0.29457383
   3.6018178e-05       0.81741543
   3.6464722e-05        2.2095199
   3.6916803e-05        5.8215554
   3.7374488e-05        14.960252
   3.7837847e-05        37.520066
   3.8306952e-05        91.890932
   3.8781872e-05        219.89698
   3.9262679e-05        514.45859
   3.9749448e-05        1177.3539
   4.0242252e-05        2637.0851
   4.0741165e-05         5784.036
   4.1246264e-05         12429.43
   4.1757625e-05         26182.01
   4.2275325e-05        54087.771
   4.2799444e-05        109634.47
   4.3330061e-05        218147.16
   4.3867256e-05        426288.84
   4.4411111e-05         818470.4
   4.4961709e-05        1544665.9
   4.5519133e-05        2866698.8
   4.6083468e-05        5233886.5
   4.6654799e-05        9404500.4
   4.7233213e-05         16637440
   4.7818799e-05         28989628
   4.8411644e-05         49769814
    4.901184e-05         84219874
   4.9619476e-05    1.4052138e+08
   5.0234646e-05    2.3125957e+08
   5.0857442e-05    3.7552004e+08
    5.148796e-05    6.0184629e+08
   5.2126295e-05    9.5235003e+08
   5.2772543e-05    1.4883401e+09
   5.3426804e-05    2.2979206e+09
   5.4089176e-05    3.5061022e+09
    5.475976e-05    5.2880685e+09
   5.5438658e-05    7.8863433e+09
   5.6125973e-05      1.16327e+10
   5.6821808e-05    1.6975741e+10
   5.7526271e-05    2.4515155e+10
   5.8239467e-05    3.5043682e+10
   5.8961505e-05    4.9597834e+10
   5.9692495e-05    6.9518382e+10
   6.0432548e-05    9.6521494e+10
   6.1181775e-05    1.3278125e+11
   6.1940291e-05    1.8102403e+11
   6.2708212e-05    2.4463495e+11
   6.3485652e-05    3.2777604e+11
   6.4272731e-05    4.3551556e+11
   6.5069568e-05    5.7396715e+11
   6.5876285e-05     7.504369e+11
   6.6693002e-05    9.7357608e+11
   6.7519845e-05    1.2535361e+12
   6.8356939e-05    1.6021225e+12
   6.9204411e-05    2.0329428e+12
    7.006239e-05    2.5615446e+12
   7.0931006e-05    3.2055373e+12
   7.1810391e-05    3.9846936e+12
   7.2700678e-05    4.9210231e+12
   7.3602003e-05    6.0388149e+12
   7.4514502e-05     7.364642e+12
   7.5438314e-05    8.9273231e+12
   7.6373579e-05    1.0757838e+13
    7.732044e-05    1.2889196e+13
   7.8279039e-05    1.5356243e+13
   7.9249523e-05    1.8195431e+13
   8.0232038e-05    2.1444516e+13
   8.1226735e-05     2.514222e+13
   8.2233764e-05    2.9327834e+13
   8.3253277e-05     3.404078e+13
    8.428543e-05    3.9320134e+13
    8.533038e-05    4.5204115e+13
   8.6388284e-05    5.1729553e+13
   8.7459305e-05    5.8931334e+13
   8.8543603e-05    6.6841845e+13
   8.9641344e-05    7.5490421e+13
   9.0752695e-05    8.4902804e+13
   9.1877824e-05    9.5100624e+13
   9.3016902e-05    1.0610092e+14
   9.4170103e-05    1.1791569e+14
     9.53376e-05    1.3055152e+14
   9.6519571e-05    1.4400922e+14
   9.7716197e-05     1.582836e+14
   9.8927657e-05    1.7336325e+14
   0.00010015414    1.8923041e+14
   0.00010139582    2.0586095e+14
    0.0001026529    2.2322441e+14
   0.00010392557    2.4128406e+14
   0.00010521401    2.5999718e+14
   0.00010651843    2.7931522e+14
   0.00010783902    2.9918422e+14
   0.00010917598    3.1954513e+14
   0.00011052951    3.4033431e+14
   0.00011189983    3.6148403e+14
   0.00011328714    3.8292299e+14
   0.00011469164     4.045769e+14
   0.00011611356    4.2636911e+14
   0.00011755311    4.4822119e+14
    0.0001190105     4.700536e+14
   0.00012048596    4.9178632e+14
   0.00012197972    5.1333942e+14
   0.00012349199    5.3463374e+14
   0.00012502302    5.5559142e+14
   0.00012657302    5.7613652e+14
   0.00012814224    5.9619548e+14
   0.00012973091    6.1569764e+14
   0.00013133929    6.3457572e+14
    0.0001329676    6.5276615e+14
    0.0001346161     6.702095e+14
   0.00013628503    6.8685073e+14
   0.00013797466    7.0263946e+14
   0.00013968523    7.1753021e+14
   0.00014141702     7.314825e+14
   0.00014317027    7.4446098e+14
   0.00014494526    7.5643553e+14
   0.00014674225    7.6738119e+14
   0.00014856153    7.7727822e+14
   0.00015040336    7.8611197e+14
   0.00015226802    7.9387282e+14
    0.0001541558    8.0055601e+14
   0.00015606698    8.0616148e+14
   0.00015800186     8.106937e+14
   0.00015996073    8.1416141e+14
   0.00016194388    8.1657743e+14
   0.00016395162    8.1795837e+14
   0.00016598425     8.183244e+14
   0.00016804208    8.1769892e+14
   0.00017012543    8.1610834e+14
    0.0001722346    8.1358176e+14
   0.00017436992     8.101507e+14
   0.00017653172    8.0584879e+14
   0.00017872031    8.0071152e+14
   0.00018093604    7.9477594e+14
   0.00018317924    7.8808041e+14
   0.00018545025    7.8066434e+14
   0.00018774942    7.7256792e+14
   0.00019007709    7.6383192e+14
   0.00019243361    7.5449743e+14
   0.00019481936    7.4460566e+14
   0.00019723468    7.3419776e+14
   0.00019967994    7.2331462e+14
   0.00020215553    7.1199669e+14
    0.0002046618    7.0028385e+14
   0.00020719914    6.8821527e+14
   0.00020976795    6.7582924e+14
    0.0002123686    6.6316313e+14
   0.00021500149    6.5025321e+14
   0.00021766702    6.3713463e+14
   0.00022036561     6.238413e+14
   0.00022309764    6.1040588e+14
   0.00022586355    5.9685966e+14
   0.00022866375    5.8323258e+14
   0.00023149867    5.6955318e+14
   0.00023436873    5.5584856e+14
   0.00023727437    5.4214442e+14
   0.00024021604    5.2846497e+14
   0.00024319418    5.1483304e+14
   0.00024620924    5.0127002e+14
   0.00024926168    4.8779586e+14
   0.00025235196    4.7442918e+14
   0.00025548056    4.6118721e+14
   0.00025864794    4.4808585e+14
    0.0002618546    4.3513972e+14
     0.000265101    4.2236218e+14
   0.00026838766    4.0976539e+14
   0.00027171506     3.973603e+14
   0.00027508372    3.8515678e+14
   0.00027849414    3.7316359e+14
   0.00028194684    3.6138846e+14
   0.00028544234    3.4983813e+14
   0.00028898118    3.3851842e+14
    0.0002925639    3.2743423e+14
   0.00029619103    3.1658964e+14
   0.00029986313    3.0598792e+14
   0.00030358076     2.956316e+14
   0.00030734448    2.8552249e+14
   0.00031115486    2.7566176e+14
   0.00031501248    2.6604996e+14
   0.00031891792    2.5668706e+14
   0.00032287179    2.4757251e+14
   0.00032687467    2.3870526e+14
   0.00033092718    2.3008382e+14
   0.00033205748    2.3426303e+14
   0.00044218156    1.7625409e+14
   0.00059191683    1.2146454e+14
   0.00078689808    9.5905753e+13
     0.001048005    6.7401847e+13
    0.0014373001    4.5959517e+13
    0.0018786424    6.5334684e+13
    0.0024800787    5.4302101e+13
    0.0033345294    3.3639834e+13
    0.0044462165    2.8393951e+13
    0.0059403779    2.3106265e+13
    0.0079374587    1.9961863e+13
     0.010523941    1.8154799e+13
     0.014026881     1.383988e+13
      0.01872643    1.0569752e+13
     0.025120252    8.3658472e+12
      0.03320185    7.8355752e+12
     0.044403897    5.5140154e+12
     0.059107779     4.392783e+12
     0.079005164    3.2615357e+12
      0.10496238    2.6262182e+12
      0.14087471    1.8581655e+12
      0.18724863     1.629698e+12
      0.24940427    1.2688424e+12
      0.30101566    1.1025267e+12
      0.33286686    1.0148138e+12
      0.36809724     9.079283e+11
      0.40676703    7.9258416e+11
      0.45010458     5.910791e+11
      0.49735359    5.1911828e+11
      0.55257555    3.4043663e+11
      0.61093124    5.0432765e+11
      0.67530759    5.4342004e+11
      0.74705366     5.860846e+11
             0.8    6.2401174e+11
             0.9    7.5261047e+11
               1    7.9243709e+11
             1.1    9.1388263e+11
             1.2    9.2610221e+11
             1.3    9.6886776e+11
             1.4    1.0449114e+12
             1.5    1.1428517e+12
             1.6    1.3102694e+12
             1.7    1.4653465e+12
             1.8    1.5535168e+12
             1.9    1.6592396e+12
               2    1.7066177e+12
             2.1     1.836031e+12
             2.2    1.8674399e+12
             2.3    1.8526888e+12
             2.4    1.8485229e+12
             2.5    1.7870527e+12
             2.6    1.6905672e+12
             2.7    1.5786347e+12
             2.8    1.4760511e+12
             2.9    1.3728069e+12
               3    1.2166411e+12
             3.1    1.0884153e+12
             3.2    9.9659438e+11
             3.3    9.4521149e+11
             3.4    9.0723887e+11
             3.5    8.7674226e+11
             3.6    8.4534557e+11
             3.7    8.0713332e+11
             3.8    7.7427616e+11
             3.9    7.3281932e+11
               4    7.2196262e+11
             4.1    7.1908364e+11
             4.2    6.7615765e+11
             4.3    6.3035972e+11
             4.4    5.8425851e+11
             4.5    5.5084062e+11
             4.6    5.4295832e+11
             4.7     5.393538e+11
             4.8    5.1499054e+11
             4.9    4.7804521e+11
               5    4.3947352e+11
             5.1    4.2086139e+11
             5.2    4.1761544e+11
             5.3    4.0368167e+11
             5.4     3.918386e+11
             5.5     3.707619e+11
             5.6    3.5103283e+11
             5.7    3.2947172e+11
             5.8    3.0857428e+11
             5.9    2.9017526e+11
               6     2.713579e+11
             6.1    2.5565409e+11
             6.2    2.3964861e+11
             6.3    2.2620402e+11
             6.4    2.1431002e+11
             6.5    2.0295898e+11
             6.6    1.9203716e+11
             6.7    1.8113906e+11
             6.8    1.7090137e+11
             6.9    1.6206693e+11
               7     1.533027e+11
             7.1    1.4446099e+11
             7.2    1.3649594e+11
             7.3    1.2903834e+11
             7.4      1.21551e+11
             7.5    1.1510845e+11
             7.6    1.0897364e+11
             7.7    1.0356169e+11
             7.8    9.7731484e+10
             7.9     9.196277e+10
               8    8.6649968e+10
             8.1    8.1359472e+10
             8.2    7.6771124e+10
             8.3    7.2328174e+10
             8.4    6.8263816e+10
             8.5    6.4604782e+10
             8.6    6.1213052e+10
             8.7     5.822094e+10
             8.8    5.5760093e+10
             8.9    5.2868024e+10
               9    5.0290119e+10
             9.1    4.7780263e+10
             9.2     4.552395e+10
             9.3    4.3508965e+10
             9.4    4.1355493e+10
             9.5    3.9517414e+10
             9.6    3.7619514e+10
             9.7    3.5885931e+10
             9.8    3.4404481e+10
             9.9    3.2894302e+10
              10    3.1566003e+10
            10.1    3.0189268e+10
            10.2    2.8878129e+10
            10.3    2.7521651e+10
            10.4    2.6221981e+10
            10.5    2.5097579e+10
            10.6     2.390316e+10
            10.7    2.2839011e+10
            10.8    2.1727031e+10
            10.9    2.0775071e+10
              11    1.9866289e+10
            11.1    1.8881118e+10
            11.2    1.8086276e+10
            11.3    1.7275674e+10
            11.4    1.6497008e+10
            11.5    1.5768756e+10
            11.6     1.511298e+10
            11.7    1.4504888e+10
            11.8     1.389731e+10
            11.9    1.3213624e+10
              12    1.2721025e+10
            12.1    1.2256668e+10
            12.2    1.1722667e+10
            12.3    1.1238656e+10
            12.4    1.0794242e+10
            12.5    1.0375803e+10
            12.6     9.984634e+09
            12.7    9.5823308e+09
            12.8    9.1672291e+09
            12.9    8.7944485e+09
              13    8.4496335e+09
            13.1    8.0606143e+09
            13.2    7.7564365e+09
            13.3    7.4711886e+09
            13.4    7.1804917e+09
            13.5    6.9153368e+09
            13.6    6.6194563e+09
            13.7    6.3864738e+09
            13.8    6.1457148e+09
            13.9    5.9366999e+09
              14    5.6872562e+09
            14.1    5.4947699e+09
            14.2    5.2940663e+09
            14.3    5.0944681e+09
            14.4    4.9096089e+09
            14.5    4.7303075e+09
            14.6    4.5851211e+09
            14.7    4.4368928e+09
            14.8    4.2543808e+09
            14.9    4.1249662e+09
              15    3.9926151e+09
            15.1    3.8422299e+09
            15.2    3.7044663e+09
            15.3    3.5850426e+09
            15.4    3.4484834e+09
            15.5    3.3348638e+09
            15.6    3.2259385e+09
            15.7    3.1308154e+09
            15.8    3.0035967e+09
            15.9    2.8868731e+09
              16    2.8042181e+09
            16.1    2.7197982e+09
            16.2    2.6234698e+09
            16.3     2.556401e+09
            16.4    2.4782263e+09
            16.5    2.3801694e+09
            16.6    2.3062746e+09
            16.7    2.2269034e+09
            16.8     2.158436e+09
            16.9    2.0713394e+09
              17    1.9991078e+09
            17.1    1.9441181e+09
            17.2    1.8894783e+09
            17.3    1.8223269e+09
            17.4    1.7562031e+09
            17.5    1.7199897e+09
            17.6    1.6622591e+09
            17.7    1.6203277e+09
            17.8    1.5612388e+09
            17.9    1.5085027e+09
              18    1.4676519e+09
            18.1    1.4258713e+09
            18.2    1.3840028e+09
            18.3    1.3523407e+09
            18.4    1.2988396e+09
            18.5    1.2619154e+09
            18.6    1.2235421e+09
            18.7     1.194791e+09
            18.8    1.1476281e+09
            18.9    1.1207145e+09
              19    1.0782946e+09
            19.1    1.0591284e+09
            19.2    1.0288118e+09
            19.3    9.9453465e+08
            19.4    9.7319223e+08
            19.5    9.3114683e+08
            19.6    9.1131825e+08
            19.7    8.8844196e+08
            19.8    8.5602843e+08
            19.9     8.440355e+08
              20    8.1624522e+08
            20.1    7.8604237e+08
            20.2    7.6893143e+08
            20.3    7.5151035e+08
            20.4    7.3195154e+08
            20.5    7.0944419e+08
            20.6    6.9344934e+08
            20.7    6.7072786e+08
            20.8    6.5281918e+08
            20.9    6.2824454e+08
              21    6.0904894e+08
            21.1    6.0173736e+08
            21.2    5.8126825e+08
            21.3    5.6501345e+08
            21.4    5.5713454e+08
            21.5    5.4073743e+08
            21.6    5.2200427e+08
            21.7    4.9747394e+08
            21.8    4.8645601e+08
            21.9    4.7628336e+08
              22     4.661984e+08
            22.1    4.5452094e+08
            22.2    4.4201927e+08
            22.3    4.3161138e+08
            22.4     4.194393e+08
            22.5    4.0577032e+08
            22.6    3.9865892e+08
            22.7    3.8962946e+08
            22.8    3.8012729e+08
            22.9    3.7048497e+08
              23    3.5944814e+08
            23.1    3.4909467e+08
            23.2    3.4116369e+08
            23.3     3.314011e+08
            23.4    3.1857409e+08
            23.5     3.253834e+08
            23.6    3.0849123e+08
            23.7    2.9973234e+08
            23.8    2.9465148e+08
            23.9    2.8279316e+08
              24    2.7719767e+08
            24.1    2.7425521e+08
            24.2    2.6689908e+08
            24.3    2.5394666e+08
            24.4    2.5084211e+08
            24.5    2.4767898e+08
            24.6    2.4174131e+08
            24.7    2.3382638e+08
            24.8    2.2967514e+08
            24.9    2.2271883e+08
              25    2.1477662e+08
            25.1    2.1305187e+08
            25.2    2.0367489e+08
            25.3    2.0051667e+08
            25.4    1.9687281e+08
            25.5     1.933414e+08
            25.6    1.9075152e+08
            25.7    1.8454057e+08
            25.8    1.7744777e+08
            25.9    1.7115692e+08
              26    1.6903632e+08
            26.1    1.6431296e+08
            26.2    1.6102586e+08
            26.3    1.5960295e+08
            26.4    1.5390161e+08
            26.5    1.5062981e+08
            26.6     1.471857e+08
            26.7    1.4136219e+08
            26.8    1.4016797e+08
            26.9    1.3595229e+08
              27    1.3427541e+08
            27.1     1.310154e+08
            27.2    1.2876384e+08
            27.3     1.237188e+08
            27.4     1.198428e+08
            27.5     1.171432e+08
            27.6    1.1424539e+08
            27.7    1.1287079e+08
            27.8    1.0949297e+08
            27.9    1.0625444e+08
              28    1.0359185e+08
            28.1    1.0390547e+08
            28.2     1.012343e+08
            28.3         99242518
            28.4         98519620
            28.5         93141124
            28.6         90995888
            28.7         90975813
            28.8         89511098
            28.9         85597556
              29         85237678
            29.1         82305724
            29.2         78152760
            29.3         78308665
            29.4         77187049
            29.5         74840681
            29.6         73608674
            29.7         72147205
            29.8         68466772
            29.9         67531895
              30         66375878
            30.1         65341522
            30.2         65112248
            30.3         62253453
            30.4         60891206
            30.5         60246097
            30.6         56743620
            30.7         55243574
            30.8         56283760
            30.9         53800996
              31         53582336
            31.1         53277722
            31.2         51325603
            31.3         50117146
            31.4         50620190
            31.5         48207936
            31.6         46450263
            31.7         46910777
            31.8         45170983
            31.9         43475422
              32         43757797
            32.1         42530136
            32.2         40351173
            32.3         39464962
            32.4         39393769
            32.5         39838421
            32.6         38379616
            32.7         36815554
            32.8         36837929
            32.9         36045046
              33         36111459
            33.1         34695890
            33.2         33620100
            33.3         30981737
            33.4         30837729
            33.5         30819071
            33.6         30612050
            33.7         29987253
            33.8         29001518
            33.9         27427703
              34         26990345
            34.1         26079866
            34.2         26596607
            34.3         26238283
            34.4         26156481
            34.5         25381226
            34.6         24045702
            34.7         23735251
            34.8         23477582
            34.9         23035324
              35         22015339
            35.1         22074514
            35.2         22097280
            35.3         21554620
            35.4         20446230
            35.5         20325331
            35.6         19596300
            35.7         19517384
            35.8         18896964
            35.9         18486122
              36         17333738
            36.1         16832374
            36.2         17744557
            36.3         17716253
            36.4         16997506
            36.5         17191146
            36.6         15879878
            36.7         15570954
            36.8         15551521
            36.9         15711521
              37         14740052
            37.1         14151233
            37.2         14592290
            37.3         13436654
            37.4         13288750
            37.5         12855322
            37.6         12858249
            37.7         12303065
            37.8         12584412
            37.9         12794555
              38         12649381
            38.1         12263191
            38.2         12338428
            38.3         11957167
            38.4         11367605
            38.5         11622246
            38.6         10257277
            38.7         10616878
            38.8         10398975
            38.9         10185521
              39        9976427.4
            39.1          9771607
            39.2        9570974.9
            39.3        9374447.4
            39.4        9181942.6
            39.5          8993380
            39.6        8808680.6
            39.7          8627767
            39.8          8450563
            39.9        8276994.2
              40        8106987.4
            40.1        7940470.8
            40.2          7777374
            40.3        7617627.9
            40.4        7461164.9
            40.5        7307918.4
            40.6        7157823.5
            40.7        7010816.1
            40.8        6866833.7
            40.9        6725814.8
              41        6587699.2
            41.1        6452427.9
            41.2        6319942.9
            41.3        6190187.4
            41.4        6063105.8
            41.5        5938643.6
            41.6        5816747.3
            41.7        5697364.3
            41.8        5580443.4
            41.9        5465934.2
              42        5353787.2
            42.1        5243954.1
            42.2        5136387.5
            42.3        5031040.7
            42.4        4927868.4
            42.5        4826825.8
            42.6        4727869.2
            42.7        4630955.6
            42.8        4536043.1
            42.9        4443090.5
              43        4352057.5
            43.1        4262904.4
            43.2        4175592.6
            43.3        4090084.1
            43.4        4006341.6
            43.5        3924328.9
            43.6        3844010.1
            43.7        3765350.3
            43.8        3688315.2
            43.9        3612871.3
              44        3538985.7
            44.1        3466626.1
            44.2          3395761
            44.3        3326359.4
            44.4        3258391.2
            44.5        3191826.5
            44.6        3126636.4
            44.7        3062792.4
            44.8        3000266.6
            44.9        2939031.7
              45          2879061
            45.1        2820328.2
            45.2        2762807.6
            45.3        2706474.2
            45.4        2651303.4
            45.5        2597270.9
            45.6        2544353.2
            45.7        2492527.2
            45.8        2441770.2
            45.9        2392060.1
              46          2343375
            46.1        2295693.8
            46.2        2248995.6
            46.3        2203259.9
            46.4        2158466.9
            46.5        2114596.8
            46.6        2071630.7
            46.7        2029549.6
            46.8        1988335.2
            46.9        1947969.5
              47          1908435
            47.1        1869714.2
            47.2        1831790.4
            47.3        1794646.9
            47.4        1758267.6
            47.5        1722636.6
            47.6        1687738.4
            47.7        1653557.7
            47.8        1620079.6
            47.9        1587289.6
              48        1555173.3
            48.1        1523716.8
            48.2        1492906.4
            48.3        1462728.6
            48.4        1433170.4
            48.5        1404218.8
            48.6        1375861.3
            48.7        1348085.5
            48.8        1320879.4
            48.9        1294231.2
              49        1268129.2
            49.1        1242562.2
            49.2          1217519
            49.3        1192988.7
            49.4        1168960.8
            49.5        1145424.9
            49.6        1122370.6
            49.7        1099788.1
            49.8        1077667.6
            49.9        1055999.4
              50        1034774.2
            50.1        1013982.9
            50.2        993616.43
            50.3        973665.99
            50.4        954122.97
            50.5        934978.95
            50.6        916225.66
            50.7        897855.01
            50.8        879859.09
            50.9        862230.15
              51        844960.59
            51.1        828042.98
            51.2        811470.05
            51.3        795234.66
            51.4        779329.84
            51.5        763748.76
            51.6        748484.74
            51.7        733531.21
            51.8        718881.78
            51.9        704530.16
              52        690470.21
            52.1         676695.9
            52.2        663201.34
            52.3        649980.77
            52.4        637028.53
            52.5        624339.09
            52.6        611907.03
            52.7        599727.05
            52.8        587793.96
            52.9        576102.67
              53         564648.2
            53.1        553425.68
            53.2        542430.33
            53.3        531657.49
            53.4        521102.56
            53.5        510761.08
            53.6        500628.65
            53.7        490700.99
            53.8        480973.87
            53.9        471443.18
              54        462104.89
            54.1        452955.05
            54.2        443989.79
            54.3        435205.32
            54.4        426597.94
            54.5        418164.01
            54.6        409899.98
            54.7        401802.37
            54.8        393867.76
            54.9        386092.82
              55        378474.29
            55.1        371008.95
            55.2        363693.68
            55.3         356525.4
            55.4        349501.11
            55.5        342617.86
            55.6        335872.78
            55.7        329263.04
            55.8        322785.87
            55.9        316438.58
              56         310218.5
            56.1        304123.04
            56.2        298149.67
            56.3        292295.89
            56.4        286559.26
            56.5         280937.4
            56.6        275427.98
            56.7        270028.69
            56.8        264737.29
            56.9        259551.61
              57        254469.47
            57.1        249488.78
            57.2        244607.47
            57.3        239823.53
            57.4        235134.97
            57.5        230539.87
            57.6        226036.32
            57.7        221622.46
            57.8        217296.47
            57.9        213056.58
              58        208901.04
            58.1        204828.13
            58.2        200836.19
            58.3        196923.57
            58.4        193088.67
            58.5        189329.92
            58.6        185645.77
            58.7        182034.72
            58.8        178495.28
            58.9        175026.02
              59        171625.52
            59.1        168292.37
            59.2        165025.24
            59.3        161822.78
            59.4        158683.68
            59.5        155606.68
            59.6        152590.52
            59.7        149633.98
            59.8        146735.84
            59.9        143894.95
              60        141110.14
            60.1        138380.28
            60.2        135704.28
            60.3        133081.04
            60.4        130509.52
            60.5        127988.66
            60.6        125517.45
            60.7         123094.9
            60.8        120720.03
            60.9        118391.88
              61        116109.51
            61.1        113872.02
            61.5        105352.99
              62        95611.101
            62.5        86786.428
              63        78791.066
            63.5        71545.677
              64        64978.648
            64.5         59025.32
              65        53627.308
            65.5        48731.878
              66        44291.391
            66.5        40262.805
              67        36607.223
            67.5        33289.484
              68        30277.805
            68.5        27543.441
              69        25060.399
            69.5        22805.165
              70        20756.464
            70.5        18895.043
              71        17203.477
            71.5         15665.99
              72        14268.298
            72.5        12997.467
              73        11841.777
            73.5        10790.613
              74        9834.3545
            74.5        8964.2837
              75        8172.4966
            75.5        7451.8272
              76        6795.7771
            76.5        6198.4521
              77        5654.5052
            77.5        5159.0846
              78        4707.7873
            78.5        4296.6168
              79        3921.9448
            79.5        3580.4769
              80        3269.2209
            80.5        2985.4591
              81        2726.7225
            81.5        2490.7675
              82         2275.555
            82.5        2079.2317
              83        1900.1125
            83.5        1736.6653
              84        1587.4966
            84.5         1451.339
              85        1327.0393
            85.5        1213.5484
              86        1109.9114
            86.5        1015.2593
              87        928.80067
            87.5        849.81529
              88        777.64709
            88.5        711.69855
              89        651.42537
            89.5        596.33164
              90        545.96548
            90.5        499.91504
              91        457.80494
            91.5        419.29294
              92        384.06699
            92.5        351.84255
              93        322.36006
            93.5        295.38278
              94        270.69472
            94.5        248.09878
              95         227.4151
            95.5        208.47951
              96        191.14215
            96.5         175.2662
              97        160.72673
            97.5        147.40962
              98        135.21068
            98.5         124.0347
              99        113.79471
            99.5        104.41124
             100         95.81165

