   1.0000000e-01   2.0640000e+13
   2.0000000e-01   1.2600000e+13
   3.0000000e-01   9.2000000e+12
   4.0000000e-01   7.4000000e+12
   5.0000000e-01   6.6000000e+12
   6.0000000e-01   7.6000000e+12
   7.0000000e-01   1.0760000e+13
   8.0000000e-01   1.4920000e+13
   9.0000000e-01   1.8240000e+13
   1.0000000e+00   1.9600000e+13
   1.1000000e+00   1.9360000e+13
   1.2000000e+00   1.7880000e+13
   1.3000000e+00   1.5920000e+13
   1.4000000e+00   1.3760000e+13
   1.5000000e+00   1.1680000e+13
   1.6000000e+00   9.8400000e+12
   1.7000000e+00   8.2400000e+12
   1.8000000e+00   6.8800000e+12
   1.9000000e+00   5.8000000e+12
   2.0000000e+00   4.8400000e+12
   2.1000000e+00   4.0800000e+12
   2.2000000e+00   3.4240000e+12
   2.3000000e+00   2.9320000e+12
   2.4000000e+00   2.5040000e+12
   2.5000000e+00   2.1160000e+12
   2.6000000e+00   1.8160000e+12
   2.7000000e+00   1.5560000e+12
   2.8000000e+00   1.3200000e+12
   2.9000000e+00   1.1600000e+12
   3.0000000e+00   1.0000000e+12
   3.1000000e+00   8.6000000e+11
   3.2000000e+00   7.6000000e+11
   3.3000000e+00   6.5600000e+11
   3.4000000e+00   5.6800000e+11
   3.5000000e+00   4.9200000e+11
   3.6000000e+00   4.5600000e+11
   3.7000000e+00   3.9760000e+11
   3.8000000e+00   3.4800000e+11
   3.9000000e+00   3.1000000e+11
   4.0000000e+00   2.7840000e+11
   4.1000000e+00   2.4360000e+11
   4.2000000e+00   2.2280000e+11
   4.3000000e+00   1.9720000e+11
   4.4000000e+00   1.7840000e+11
   4.5000000e+00   1.6680000e+11
   4.6000000e+00   1.4600000e+11
   4.7000000e+00   1.3520000e+11
   4.8000000e+00   1.1840000e+11
   4.9000000e+00   1.0920000e+11
   5.0000000e+00   1.0200000e+11
   5.1000000e+00   8.9200000e+10
   5.2000000e+00   8.2800000e+10
   5.3000000e+00   7.5200000e+10
   5.4000000e+00   6.6400000e+10
   5.5000000e+00   6.0000000e+10
   5.6000000e+00   5.8000000e+10
   5.7000000e+00   4.8400000e+10
   5.8000000e+00   4.4400000e+10
   5.9000000e+00   4.2400000e+10
   6.0000000e+00   3.8680000e+10
   6.1000000e+00   3.9360000e+10
   6.2000000e+00   3.2640000e+10
   6.3000000e+00   3.6560000e+10
   6.4000000e+00   3.0320000e+10
   6.5000000e+00   2.9320000e+10
   6.6000000e+00   2.7360000e+10
   6.7000000e+00   2.4480000e+10
   6.8000000e+00   2.2240000e+10
   6.9000000e+00   2.3440000e+10
   7.0000000e+00   1.8800000e+10
   7.1000000e+00   1.9520000e+10
   7.2000000e+00   1.8800000e+10
   7.3000000e+00   1.7760000e+10
   7.4000000e+00   1.4800000e+10
   7.5000000e+00   1.2960000e+10
   7.6000000e+00   1.3960000e+10
   7.7000000e+00   1.2440000e+10
   7.8000000e+00   1.3080000e+10
   7.9000000e+00   1.2360000e+10
   8.0000000e+00   1.1200000e+10
   8.1000000e+00   9.5200000e+09
   8.2000000e+00   1.0360000e+10
   8.3000000e+00   1.0000000e+10
   8.4000000e+00   6.6000000e+09
   8.5000000e+00   6.6000000e+09
   8.6000000e+00   6.4400000e+09
   8.7000000e+00   5.3600000e+09
   8.8000000e+00   6.2400000e+09
   8.9000000e+00   6.0800000e+09
   9.0000000e+00   6.4000000e+09
   9.1000000e+00   5.8400000e+09
   9.2000000e+00   5.1600000e+09
   9.3000000e+00   4.8800000e+09
   9.4000000e+00   4.9200000e+09
   9.5000000e+00   4.9200000e+09
   9.6000000e+00   3.7240000e+09
   9.7000000e+00   3.5880000e+09
   9.8000000e+00   3.1840000e+09
   9.9000000e+00   4.5600000e+09
   1.0000000e+01   2.6240000e+09
   1.0100000e+01   2.7800000e+09
   1.0200000e+01   2.9920000e+09
   1.0300000e+01   2.2000000e+09
   1.0400000e+01   1.9840000e+09
   1.0500000e+01   2.6160000e+09
   1.0600000e+01   2.2120000e+09
   1.0700000e+01   1.7960000e+09
   1.0800000e+01   1.9720000e+09
   1.0900000e+01   2.0960000e+09
   1.1000000e+01   2.2680000e+09
   1.1100000e+01   2.0200000e+09
   1.1200000e+01   1.6040000e+09
   1.1300000e+01   1.4160000e+09
   1.1400000e+01   1.7280000e+09
   1.1500000e+01   1.9840000e+09
   1.1600000e+01   1.1600000e+09
   1.1700000e+01   1.6520000e+09
   1.1800000e+01   1.3840000e+09
   1.1900000e+01   1.5040000e+09
   1.2000000e+01   9.6000000e+08
   1.2100000e+01   6.0800000e+08
   1.2200000e+01   1.0520000e+09
   1.2300000e+01   1.2480000e+09
   1.2400000e+01   9.3600000e+08
   1.2500000e+01   1.0960000e+09
   1.2600000e+01   1.0120000e+09
   1.2700000e+01   1.1120000e+09
   1.2800000e+01   1.0200000e+09
   1.2900000e+01   4.3200000e+08
   1.3000000e+01   1.1640000e+09
   1.3100000e+01   1.0920000e+09
   1.3200000e+01   6.2800000e+08
   1.3300000e+01   8.7600000e+08
   1.3400000e+01   1.1800000e+09
   1.3500000e+01   7.2800000e+08
   1.3600000e+01   7.8800000e+08
   1.3700000e+01   6.2800000e+08
   1.3800000e+01   2.8840000e+08
   1.3900000e+01   6.2000000e+08
   1.4000000e+01   7.6800000e+08
   1.4100000e+01   5.6000000e+08
   1.4200000e+01   4.6800000e+08
   1.4300000e+01   4.6800000e+08
   1.4400000e+01   5.6000000e+08
   1.4500000e+01   9.4800000e+08
   1.4600000e+01   5.6800000e+08
   1.4700000e+01   6.3200000e+08
   1.4800000e+01   2.6440000e+08
   1.4900000e+01   7.6400000e+08
   1.5000000e+01   3.5840000e+08
   1.5100000e+01   2.4600000e+08
   1.5200000e+01   5.8000000e+08
   1.5300000e+01   2.7680000e+08
   1.5400000e+01   9.3200000e+07
   1.5500000e+01   5.0400000e+08
   1.5600000e+01   1.8600000e+08
   1.5700000e+01   3.7240000e+08
   1.5800000e+01   3.2720000e+08
   1.5900000e+01   1.8640000e+08
   1.6000000e+01   1.7040000e+08
   1.6100000e+01   4.1200000e+08
   1.6200000e+01   5.4800000e+08
   1.6300000e+01   6.6400000e+07
   1.6400000e+01   4.2000000e+08
   1.6500000e+01   4.6800000e+07
   1.6600000e+01   3.8360000e+08
   1.6700000e+01   2.8320000e+08
   1.6800000e+01   3.3920000e+08
   1.6900000e+01   1.4000000e+08
   1.7000000e+01   1.6280000e+08
   1.7100000e+01   1.3960000e+08
   1.7200000e+01   1.8640000e+08
   1.7300000e+01   4.2800000e+08
   1.7400000e+01   1.7160000e+08
   1.7500000e+01   1.8640000e+08
   1.7600000e+01   2.5680000e+08
   1.7700000e+01   1.4000000e+08
   1.7800000e+01   9.3200000e+07
   1.7900000e+01   2.4280000e+08
   1.8000000e+01   1.9200000e+08
   1.8100000e+01   9.3200000e+07
   1.8200000e+01   1.9520000e+08
   1.8300000e+01   2.3560000e+08
   1.8400000e+01   4.4400000e+08
   1.8500000e+01   2.9160000e+08
   1.8600000e+01   4.6400000e+07
   1.8700000e+01   1.1080000e+08
   1.8800000e+01   1.7040000e+08
   1.8900000e+01   1.3200000e+08
   1.9000000e+01   9.2800000e+07
   1.9100000e+01   1.3960000e+08
   1.9200000e+01   1.6280000e+08
   1.9300000e+01   1.5360000e+08
   1.9400000e+01   2.2160000e+08
   1.9500000e+01   9.4000000e+07
   1.9600000e+01   1.4360000e+08
   1.9700000e+01   1.0400000e+08
   1.9800000e+01   6.5200000e+07
   1.9900000e+01   4.6400000e+07
   2.0000000e+01             NaN
